Valid Examples:
Example 1 -> {row 1: (6,0.6,50), (5,0.6,70), (4,0.6,90); row 2: (6,0.4,0), (5,0.4,20), (4,0.4,40); row 3: (6,0.5,20), (5,0.5,40), (4,0.5,60);}
Example 2 -> {row 1: (5,0.4,0), (4,0.2,0), (3,0.6,0); row 2: (7,0.5,80), (6,0.1,10), (5,0.6,70); row 3: (5,0.5,70), (4,0.1,0), (3,0.6,70);}
Example 3 -> {row 1: (7,0.3,40), (5,0.1,30), (3,0.2,20); row 2: (7,0.4,20), (5,0.2,40), (3,0.2,30); row 3: (7,0.3,30), (5,0.2,20), (3,0.1,40);}
Example 4 -> {row 1: (6,0.2,40), (5,0.4,0), (3,0.3,40); row 2: (5,0.4,0), (3,0.3,70), (6,0.2,70); row 3: (3,0.3,20), (6,0.2,20), (5,0.4,40);}
Example 5 -> {row 1: (5,0.6,30), (5,0.3,40), (5,0.3,50); row 2: (7,0.2,60), (7,0.1,70), (7,0.1,80); row 3: (3,0.5,40), (3,0.1,50), (3,0.4,60);}
Example 6 -> {row 1: (6,0.1,90), (6,0.1,50), (6,0.1,40); row 2: (4,0.3,80), (4,0.3,80), (4,0.3,0); row 3: (4,0.5,0), (4,0.5,0), (4,0.5,0);}
Example 7 -> {row 1: (3,0.6,20), (3,0.4,30), (3,0.2,40); row 2: (6,0.5,50), (6,0.3,60), (6,0.1,70); row 3: (5,0.6,50), (5,0.4,60), (5,0.2,70);}
Example 8 -> {row 1: (4,0.2,60), (4,0.4,90), (4,0.6,20); row 2: (5,0.4,20), (5,0.6,60), (5,0.2,90); row 3: (5,0.6,90), (5,0.2,20), (5,0.4,60);}
Example 9 -> {row 1: (3,0.6,30), (3,0.5,0), (3,0.4,30); row 2: (5,0.6,90), (5,0.5,80), (5,0.4,10); row 3: (3,0.3,30), (3,0.2,0), (3,0.1,30);}
Example 10 -> {row 1: (3,0.2,50), (4,0.3,50), (5,0.4,50); row 2: (5,0.4,70), (6,0.5,70), (7,0.6,70); row 3: (3,0.4,90), (4,0.5,90), (5,0.6,90);}
Inference Datapoint:
